#
#                  sombra                     |                  altura
#hora	
#hora	10	12	13	14	15	10	12	13	14	15


#datos chiu juan
	75	18.2	6.5	14.4	32.4	74.3	74.3	76.6	75.7	74.4					
	85.5 	19.5	5.6	20.8 	32.2	83.6	83.5	75.1	90.3	75	
	97.5 	37.5	7.5	23.9	42.3	98.9	59.6	166.4 	101.1	98.3			
	147	15.6	4.3	44	78.3 	151.3	74.3	90.4	178 	177.3				
	72.7	17.8	3.5	20.6	75.5 	78.4	89.6	76.6	75.6 	162.5		
	80.4	41.9	7.5	12.4	31.6	76 	114.7	75.8	75.6	75.7 		
	95.8	26.1	10.5	15.5	31.07 	90.1	74.6	126 	99	75.7		
	169.7	29 	7.2	16.5 	39.1 	162.7	85.8	90.2	90.3	88.8			
	87.1	33 	7.6	16.0	40.2 	85.3	100 	98.5	84.7	88.8 				
	117.3	24.3	5.2	15.4	54.3	115.6	75.8	75.4 	84.07	115		
	81.5	25.7 	7.3	11.3	30.9	75.3	75.3	75.3	75.3	75.3
	91.6	33.5	8.2	14.8	42.4	85.7	98.5	90.6	98.2	98.5	
	125.5	40 	10.9	14.1	38.4 	119.1	121.5	122.5	85.6 	90.3						
	103.1	28.9	6.5	21.5	54 	99.4	90.5	98.4	119 	121.3						
	75.3	23	5.4	13.6 	33.7	75.3	75.3	75.3	75.3	75.3					
	80.1	27.1	6.5	s	30.5	75.2	75.3	75.3	s	75.3 						
	90.8	32	8.2	s	35.5	85 	90.2	90	s	75.4 
	100.5	29	10.8	s	41.5	95.4	85.8	121.	s	95.5							
	123.4	39.1	7.4	s	52.9 	119.3	119.8	96.8	s	120.5				
	76.1	22.4	5.4	s	33 	75.3	75.3	75.3	s	75.3					
													
