#                  sombra                     |                  altura
#hora	
#hora	10	12	13	14	15	 10	12	13	14	15
#       0   	1	2   	3   	4        5 	6   	7   	8   	9

	nd	nd	nd	nd	nd	1.00	1.00	1.00 	1.00 	1.00 					
	nd	nd	nd	nd	nd	3.50 	3.50	3.50	3.50	3.50		
	nd	nd	nd	nd	nd	11.3	11.3	11.3	11.3	11.3				
	nd	nd	nd	nd	nd	8.9	8.9	8.9	8.9	8.9								
	nd	nd	nd	nd	nd	12.4	12.4	12.4	12.4	12.4					
	1.8	1.5	nd	2.1	nd	1.00	1.00 	1.00	1.00	1.00 				
	4.2	4.0	nd	4.5	nd	3.50	3.50	3.50	3.5	3.50					
	2.4	1.5	nd	6.2	nd	11.3 	11.3	11.3	11.3	11.3					
	6.4	6.0	nd	6.5	nd	8.9	8.9	8.9	8.9	8.9						
	5.6	2.1	nd	4.2	nd	12.4	12.4	12.4	12.4	12.4						
	1.0	2.0	1.8	nd	nd	1.00	1.00	1.00	1.00 	1.00					
	4.3	3.2	4.2	nd	nd	3.50	3.50	3.50	3.50	3.50				
	7.2	6.8	3.5	nd	nd	11.3	11.3	11.3	11.3	11.3			
	7.8	7.3	5.8	nd	nd	8.9	8.9	8.9	8.9	8.9			
	6.5	4.1	3.9	nd	nd	12.4	12.4	12.4 	12.4	12.4						
															
																
															
	