#Mediociones Paolo en Victoria,Araucania
#                  sombra                     |                  altura	
#hora	10	12	13	14	15	10	12	13	14	15
#       0   	1	2   	3   	4        5 	6   	7   	8   	9
    
	10.3  	4.8     3.6  	3.0 	4.7 	10.3	10.3 	10.3	10.3	10.3 				
	7.8 	3.6 	2.5  	2.4 	3.6 	7.5	7.5	7.5    	7.5     7.5					
	6.7 	3.1 	2.2  	2.2 	3.2  	6.6 	6.6    	6.6    	6.6    	6.6					
	5.0 	2.4 	1.8  	1.5 	2.3  	5.0	5.0 	5.0    	5.0 	5.0						
	2.8 	1.3 	0.8 	0.7 	1.3  	2.1	2.1    	2.1    	2.1    	2.1			
	10.5	4.8	3.3	2.9	4.2	10.3	10.3	10.3	10.3 	10.3					
	7.5	3.4	2.2	2.3	3.1    	7.5    	7.5    	7.5    	7.5    	7.5				
	6.5	3.0	1.8	1.9	2.8    	6.6    	6.6    	6.6    	6.6    	6.6			
	4.9 	2.4	1.5	1.5	2.0   	5.0    	5.0    	5.0    	5.0    	5.0			
	2.7	1.3	0.8	0.9	1.1    	2.1    	2.1    	2.1 	2.1    	2.1
	11.0	4.9 	3.4 	3.0 	4.3    	10.3	10.3	10.3 	10.3 	10.3 					
	8.0	3.6 	2.2 	2.3 	3.2    	7.5	7.5    	7.5	7.5     7.5
	7.1	3.1 	2.0 	1.9 	2.8 	6.6    	6.6    	6.6    	6.6    	6.6				
	5.4	2.4 	1.6 	1.4 	2.2 	5.0    	5.0    	5.0    	5.0    	5.0								
	2.9	1.3 	0.7 	0.6 	1.0 	2.1    	2.1    	2.1    	2.1    	2.1					